%YAML:1.0
---
HA: !!opencv-matrix
   rows: 256
   cols: 1
   dt: f
   data: [ 1.62767548e+02, 0., 6.53965712e-01, 8.89509010e+00,
       4.95981064e+01, 1.68188057e+01, 6.63067703e+01, 5.60544510e+01,
       1.48237137e+02, 2.79898132e+02, 1.78434143e+02, 1.49143661e+02,
       9.52272644e+01, 2.66238281e+02, 1.90308334e+02, 3.26268219e+02,
       500., 1.74254776e+02, 2.90193726e+02, 3.57227234e+02,
       2.66732635e+02, 1.86733429e+02, 1.53597412e+02, 2.21457397e+02,
       1.32282196e+02, 1.48882721e+02, 1.40809280e+02, 2.64071075e+02,
       1.28680786e+02, 1.06560989e+02, 1.60389526e+02, 1.18004486e+02,
       1.26551369e+02, 1.78221588e+02, 1.81481857e+02, 1.92386581e+02,
       1.41636520e+02, 3.40064201e+01, 1.16873985e+02, 7.05417786e+01,
       6.64025955e+01, 4.35985680e+01, 2.42503510e+01, 4.05572968e+01,
       7.17680511e+01, 5.41044350e+01, 9.05551910e+01, 3.30792389e+01,
       1.69181099e+01, 1.91625767e+01, 2.14670372e+01, 3.45041199e+01,
       3.23765635e+00, 5.87913933e+01, 7.68261480e+00, 3.27385674e+01,
       8.52713394e+00, 4.62133026e+00, 5.48636961e+00, 8.93868148e-01,
       1.56318970e+01, 2.33756042e+00, 1.97703724e+01, 3.78044814e-01,
       9.02508545e+00, 3.58065784e-01, 1.19443445e+01, 2.32781672e+00,
       4.63602495e+00, 1.50603250e-01, 2.11695170e+00, 2.20336393e-01,
       1.64663523e-01, 4.10278797e+00, 2.88291335e-01, 7.99414814e-01,
       1.12038396e-01, 1.38676608e+00, 1.24785744e-01, 7.31915057e-01,
       5.21970868e-01, 2.29371786e-01, 2.44560897e-01, 5.56025147e-01,
       8.04238915e-02, 1.21993685e+00, 6.45940825e-02, 1.56889081e-01,
       9.21626985e-01, 8.34086537e-02, 5.49945712e-01, 1.69237420e-01,
       2.37302288e-01, 6.57689050e-02, 1.87627614e-01, 6.67195916e-02,
       1.94716409e-01, 4.95806709e-02, 1.22798778e-01, 1.56236634e-01,
       2.06707403e-01, 4.34916764e-02, 9.45007578e-02, 1.06323063e-01,
       4.87206131e-02, 1.39762647e-02, 1.10893726e-01, 6.81299195e-02,
       2.25901846e-02, 1.75389841e-01, 7.40492493e-02, 6.43244311e-02,
       2.86903419e-02, 3.41577344e-02, 6.17726147e-02, 6.41324669e-02,
       1.19367115e-01, 1.15216248e-01, 1.85936596e-02, 1.04375947e-02,
       2.78659947e-02, 2.28390265e-02, 4.04945128e-02, 1.84856206e-02,
       6.55521899e-02, 9.17178169e-02, 2.61941962e-02, 2.59625483e-02,
       2.69646849e-02, 5.83701208e-02, 8.58189538e-02, 6.18459145e-03,
       4.50087935e-02, 1.01014987e-01, 1.81329045e-02, 1.04690760e-01,
       6.70571849e-02, 5.82982749e-02, 1.09278262e-02, 1.92420427e-02,
       2.01239530e-02, 7.89306778e-03, 4.21876982e-02, 3.52363028e-02,
       2.64736321e-02, 4.94486280e-02, 8.49955156e-02, 4.74313982e-02,
       1.36807887e-02, 1.16944360e-02, 1.84430908e-02, 1.75180901e-02,
       1.09189947e-03, 1.16975466e-02, 2.61768252e-02, 5.65514529e-05,
       7.29824603e-03, 1.43015350e-03, 2.32163910e-02, 1.05586931e-01,
       1.94061585e-02, 5.50582707e-02, 6.67790994e-02, 3.92495655e-03,
       2.61101685e-02, 3.06684952e-02, 6.41834885e-02, 8.76779854e-03,
       4.93014827e-02, 5.89905679e-03, 2.48082057e-02, 4.10788581e-02,
       8.90124531e-04, 5.96104190e-04, 1.76635496e-02, 3.94842699e-02,
       4.22544690e-04, 1.37835694e-03, 6.32587937e-04, 1.32573554e-02,
       6.64474722e-03, 6.85065193e-03, 1.21114368e-03, 4.14581969e-02,
       9.07179550e-04, 7.79938768e-04, 1.34656788e-03, 7.56484084e-03,
       6.10169955e-03, 6.59724581e-04, 3.48278843e-02, 5.01851842e-04,
       3.29883478e-05, 2.28517656e-05, 0., 2.82757264e-05,
       5.81061374e-03, 2.82757264e-05, 5.83527330e-03, 1.73861366e-02,
       4.73576074e-04, 0., 0., 7.27140650e-05, 5.15323918e-05,
       5.79537917e-03, 7.27140650e-05, 5.82584785e-03, 5.80299646e-03,
       0., 0., 8.72353744e-03, 5.79537917e-03, 0., 3.04690220e-05,
       5.79537917e-03, 0., 5.45355506e-05, 2.89768958e-03,
       3.63570325e-05, 5.09873964e-04, 0., 0., 1.52345110e-05, 0., 0.,
       0., 2.55650357e-05, 0., 0., 0., 0., 0., 0., 2.10633661e-05, 0.,
       0., 0., 0., 0., 2.10633661e-05, 0., 0., 0., 2.55650357e-05, 0.,
       2.55650357e-05, 0., 3.04690220e-05, 0., 0., 0., 0., 0., 0., 0. ]
