%YAML:1.0
---
HA: !!opencv-matrix
   rows: 256
   cols: 1
   dt: f
   data: [ 0., 0., 0., 0., 0., 0., 0., 0., 0., 0., 0., 0., 0., 0., 0.,
       8.18212330e-03, 1.07178887e-04, 0., 1.18499532e-01,
       3.76323611e-02, 1.07382037e-01, 2.87203580e-01, 3.17790914e+00,
       8.74867821e+00, 9.35365391e+00, 1.90341473e+01, 5.80956497e+01,
       8.46522522e+01, 3.37411774e+02, 2.24694519e+02, 2.16269775e+02,
       1.87376343e+02, 1.59236694e+02, 2.04950195e+02, 500.,
       2.20449402e+02, 1.73682434e+02, 1.32658356e+02, 7.46502914e+01,
       3.79880371e+01, 2.70123577e+01, 2.50778255e+01, 2.89916935e+01,
       1.76145458e+01, 2.31891270e+01, 2.88222599e+01, 3.72675285e+01,
       4.06455536e+01, 5.10854607e+01, 5.28348007e+01, 7.10468826e+01,
       1.10535583e+02, 6.94012146e+01, 7.73689423e+01, 6.89515533e+01,
       8.21738052e+01, 6.52850571e+01, 7.36101913e+01, 7.42025375e+01,
       8.59360352e+01, 1.10096695e+02, 2.57927124e+02, 1.77381546e+02,
       1.82269409e+02, 1.68756531e+02, 2.15839996e+02, 2.05664612e+02,
       1.67846527e+02, 1.30215332e+02, 1.04557320e+02, 6.37680092e+01,
       7.16248550e+01, 6.25472908e+01, 6.59823151e+01, 1.07218216e+02,
       8.81393356e+01, 9.81669693e+01, 1.21453171e+02, 1.81282379e+02,
       2.23585480e+02, 2.56899414e+02, 2.84602936e+02, 2.61576447e+02,
       1.87354385e+02, 1.26950272e+02, 6.05313873e+01, 3.27579079e+01,
       3.27437706e+01, 3.72534752e+01, 3.44516106e+01, 3.26396599e+01,
       1.77291584e+01, 1.44583530e+01, 1.45325184e+01, 1.34980335e+01,
       8.28667259e+00, 1.00353594e+01, 9.13494301e+00, 8.81165028e+00,
       8.68438053e+00, 9.01817894e+00, 1.22022953e+01, 6.93910456e+00,
       9.15779209e+00, 5.08987665e+00, 9.20590305e+00, 1.01148300e+01,
       7.29809713e+00, 8.54650211e+00, 1.22959986e+01, 9.06041241e+00,
       8.73100471e+00, 9.96198082e+00, 6.53805399e+00, 1.07197962e+01,
       9.71545315e+00, 6.77687597e+00, 6.88449860e+00, 7.65428114e+00,
       8.06336403e+00, 8.02079201e+00, 7.77336454e+00, 8.83595276e+00,
       7.84136629e+00, 8.37133503e+00, 1.05075798e+01, 1.13923178e+01,
       1.13188295e+01, 1.11627445e+01, 1.15319347e+01, 1.50151129e+01,
       1.43095131e+01, 1.25165701e+01, 1.47440166e+01, 1.98389587e+01,
       2.79460754e+01, 2.90468235e+01, 3.39332085e+01, 3.14743328e+01,
       2.69198513e+01, 2.28327274e+01, 1.97546940e+01, 2.58190765e+01,
       2.59664154e+01, 4.13032112e+01, 3.55990257e+01, 3.18470917e+01,
       3.13441753e+01, 3.40948982e+01, 3.13052025e+01, 3.59807701e+01,
       2.70876865e+01, 2.06127110e+01, 2.06220798e+01, 2.00189171e+01,
       2.77102947e+01, 3.48760262e+01, 3.76159286e+01, 2.85158806e+01,
       3.17338047e+01, 1.61513596e+01, 1.37034349e+01, 1.22870913e+01,
       1.07392397e+01, 1.19114046e+01, 1.66618977e+01, 7.20857620e+00,
       2.38601065e+00, 4.78571510e+00, 3.41557884e+00, 1.94991910e+00,
       1.14141655e+00, 3.04478478e+00, 2.35162878e+00, 1.92932427e+00,
       1.93083060e+00, 1.70212221e+00, 1.67059529e+00, 5.12488782e-01,
       6.99249446e-01, 6.84993029e-01, 1.06154788e+00, 1.09914482e+00,
       1.24790585e+00, 1.40550852e+00, 1.00399411e+00, 9.08594072e-01,
       8.22404087e-01, 8.46369028e-01, 8.83098543e-01, 8.36995602e-01,
       9.27010477e-01, 8.69035423e-01, 7.77057827e-01, 7.47629762e-01,
       7.11500049e-01, 7.17617571e-01, 7.60908484e-01, 7.62719572e-01,
       8.57797027e-01, 6.23625994e-01, 2.82651812e-01, 3.23200852e-01,
       3.02930295e-01, 3.62147689e-01, 5.27099609e-01, 3.30112815e-01,
       2.17474237e-01, 2.94782788e-01, 8.55486766e-02, 1.95405453e-01,
       1.99375883e-01, 8.26738700e-02, 2.14660734e-01, 2.35853672e-01,
       3.04199010e-01, 2.56476551e-01, 3.43728483e-01, 2.15732619e-01,
       1.78100243e-01, 1.77035868e-01, 1.64281368e-01, 1.97933003e-01,
       8.16816762e-02, 2.46080503e-01, 3.72542202e-01, 2.19447181e-01,
       3.92505437e-01, 2.56458819e-01, 6.08855367e-01, 4.26641881e-01,
       5.25591791e-01, 5.00771940e-01, 8.03092182e-01, 1.10160208e+00,
       6.32689059e-01, 8.16719532e-01, 8.33297431e-01, 4.09061551e-01,
       4.46221232e-01, 3.34658861e-01, 2.93336511e-01, 1.51013002e-01,
       1.02803297e-01, 6.34089887e-01, 2.57559776e-01, 2.45955110e-01,
       3.02618742e-01, 2.15519890e-01, 1.62156254e-01, 1.88883200e-01,
       7.34978542e-02, 1.42323509e-01, 5.32733835e-02, 0., 0. ]
