%YAML:1.0
---
HA: !!opencv-matrix
   rows: 256
   cols: 1
   dt: f
   data: [ 4.42944000e+02, 0., 0., 0., 1.91156194e-01, 8.00660706e+00,
       6.35853539e+01, 6.81279063e-01, 2.14984894e+02, 3.87481809e+00,
       1.74226746e+02, 8.91999066e-01, 1.27105560e+01, 1.93206997e+01,
       4.18937206e-02, 1.70629898e+02, 2.49347150e-01, 9.84701385e+01,
       8.36714077e+00, 1.13513584e+01, 1.53553711e+02, 3.91516609e+01,
       6.63906336e-01, 1.96562943e+02, 1.49359924e+02, 1.09222202e+01,
       6.33794403e+00, 3.31278725e+01, 1.22190982e-01, 2.20355505e-04,
       4.06985535e+02, 6.83102058e-04, 9.28179268e-03, 1.79183273e+01,
       7.69101028e+01, 7.07722473e+00, 1.58154144e+01, 4.08897638e+00,
       1.03659225e+02, 1.92368317e+01, 7.49771347e+01, 5.77874947e+00,
       3.00520897e+01, 2.49759698e+00, 4.35282663e-03, 2.52127121e+02,
       1.23609436e+00, 7.43354559e+00, 4.56116753e+01, 4.21271610e+00,
       1.19258728e+02, 1.50773847e+00, 7.55954921e-01, 8.69152069e+01,
       3.08542938e+02, 3.80625319e+00, 1.26867461e+00, 8.64376450e+00,
       2.25974485e-01, 4.84782096e-04, 2.14753235e+02, 3.96639924e-04,
       5.80950789e-02, 1.26867771e+00, 1.85619850e+01, 1.07002693e+02,
       7.55722046e+01, 1.56893051e+00, 1.46981287e+01, 5.26203079e+01,
       500., 6.17136431e+00, 3.67034607e+01, 3.77381744e+01,
       4.35882282e+00, 2.76734863e+02, 1.57398911e+01, 7.32340698e+01,
       3.46656921e+02, 2.68064880e+01, 1.22604637e+02, 1.84299564e+01,
       6.48649597e+00, 1.68927002e+02, 3.14168304e+02, 1.96001740e+02,
       1.20179100e+02, 7.97116661e+00, 8.56720543e+00, 6.42854795e-02,
       4.67758057e+02, 2.84725040e-01, 1.04038563e+01, 3.49508190e+00,
       2.87009315e+01, 2.26932861e+02, 2.00657211e+02, 6.50431633e+00,
       1.17989166e+02, 1.06508827e+02, 1.37826401e+02, 1.73456497e+02,
       1.40280972e+01, 2.75399952e+01, 1.11000700e+01, 1.03067497e+02,
       1.61442204e+01, 1.31577789e+02, 1.23885927e+01, 3.20667496e+01,
       3.22685013e+01, 3.55620956e+01, 1.86576500e+01, 5.09239883e+01,
       1.86696739e+01, 8.98371410e+00, 2.72749692e-01, 1.53222689e-02,
       5.03145042e-04, 4.62746568e-04, 7.41455841e+01, 5.43543545e-04,
       4.73764318e-04, 3.71218920e-01, 6.69082689e+00, 8.17228138e-01,
       1.12039585e+01, 4.37038456e-04, 1.89400406e+01, 1.91655666e-01,
       3.92480354e+01, 1.05160141e+00, 2.33947029e+01, 2.42391048e-04,
       1.98319962e-04, 5.05754433e+01, 1.46903680e-04, 1.90974766e-04,
       1.09576740e+01, 1.61594042e-04, 2.15997863e+00, 1.32213303e-04,
       1.57921444e-04, 1.92568398e+01, 1.21566916e+01, 5.44772208e-01,
       1.87302183e-04, 1.17522941e-04, 1.98319962e-04, 1.02832571e-04,
       5.72979622e+01, 1.10177753e-04, 2.31373284e-04, 2.42391048e-04,
       5.87614704e-05, 5.83251834e-01, 8.32329845e+00, 4.11330286e-04,
       1.55361938e+00, 1.05632446e-03, 4.01914139e+01, 1.61226781e-03,
       9.13904369e-01, 1.54983369e-03, 1.38823967e-03, 3.23364716e+01,
       9.69564193e-04, 5.45546472e-01, 3.72656298e+00, 2.55222082e+00,
       9.46264076e+00, 9.60555375e-02, 2.71771773e-04, 8.20293503e+01,
       3.81489792e+01, 1.71324766e+00, 6.17324591e+00, 6.61066515e-05,
       4.40711010e-05, 2.93807352e-05, 1.46903676e-05, 1.46903676e-05,
       3.67259199e-05, 4.40711010e-05, 2.93807352e-05, 0., 0.,
       1.46903676e-05, 0., 0., 0., 2.93807352e-05, 2.93807352e-05, 0.,
       0., 0., 1.46903676e-05, 0., 0., 0., 0., 0., 0., 0., 0., 0., 0.,
       0., 0., 0., 0., 0., 0., 0., 0., 0., 0., 0., 0., 0., 0., 0., 0.,
       0., 0., 0., 0., 0., 0., 0., 0., 0., 0., 0., 0., 0., 0., 0., 0.,
       0., 0., 0., 0., 0., 0., 0., 0., 0., 0., 0., 0., 0., 0., 0., 0.,
       0. ]
